6 0.83671875 0.2640625 0.0484375 0.0640625
6 0.778125 0.2734375 0.0515625 0.065625
6 0.68125 0.3203125 0.0578125 0.0859375
6 0.61015625 0.34296875 0.0609375 0.0921875
6 0.8875 0.35859375 0.0453125 0.0828125
6 0.44921875 0.4015625 0.0734375 0.0984375
6 0.2515625 0.4171875 0.09375 0.121875
6 0.8296875 0.43984375 0.071875 0.1390625
6 0.75390625 0.45390625 0.1140625 0.1484375
6 0.0734375 0.45625 0.1375 0.1515625
6 0.4390625 0.05390625 0.0703125 0.0921875
6 0.3421875 0.534375 0.15 0.2296875
6 0.65078125 0.53984375 0.1515625 0.2015625
3 0.94765625 0.0984375 0.0546875 0.0875
7 0.58984375 0.14921875 0.0421875 0.0484375