0 0.4546875 0.303125 0.38125 0.1625
0 0.4859375 0.13984375 0.4625 0.175
0 0.3296875 0.6765625 0.659375 0.1703125
0 0.47578125 0.53671875 0.659375 0.134375
0 0.62421875 0.37265625 0.340625 0.1125
0 0.6828125 0.2375 0.28125 0.13125
0 0.52578125 0.84765625 0.459375 0.1375
0 0.684375 0.79453125 0.4375 0.1125
0 0.74921875 0.70546875 0.2984375 0.08125
0 0.49453125 0.44375 0.3359375 0.1375
0 0.2109375 0.934375 0.421875 0.13125
0 0.2828125 0.8625 0.565625 0.171875
0 0.24296875 0.13125 0.4859375 0.121875
0 0.1734375 0.471875 0.346875 0.190625
0 0.553125 0.03828125 0.2359375 0.071875
0 0.7375 0.04921875 0.215625 0.0921875
0 0.63203125 0.95390625 0.44375 0.0921875
0 0.7390625 0.31953125 0.153125 0.0546875
0 0.76640625 0.153125 0.1375 0.059375
0 0.83203125 0.65 0.178125 0.06875
0 0.75234375 0.09296875 0.2 0.0625