0 0.11875 0.709375 0.06875 0.18515625
0 0.06171875 0.62578125 0.02421875 0.0828125
0 0.078125 0.6546875 0.03671875 0.109375
0 0.14765625 0.62421875 0.0296875 0.06953125
0 0.3359375 0.6609375 0.0296875 0.125
0 0.71953125 0.66171875 0.046875 0.14375
0 0.48046875 0.61953125 0.028125 0.07734375
0 0.53359375 0.609375 0.015625 0.0765625
0 0.65078125 0.61328125 0.0296875 0.07578125
0 0.66328125 0.609375 0.02421875 0.06328125
0 0.9640625 0.74609375 0.071875 0.2484375
0 0.9375 0.5890625 0.02265625 0.06328125