0 0.2390625 0.01328125 0.19375 0.0265625
0 0.22890625 0.065625 0.1921875 0.065625
0 0.32109375 0.0796875 0.078125 0.0484375
0 0.3359375 0.05234375 0.0875 0.028125
0 0.31171875 0.19921875 0.121875 0.0359375
0 0.28671875 0.234375 0.16875 0.059375
0 0.2515625 0.26171875 0.0953125 0.034375
0 0.27578125 0.60390625 0.196875 0.0625
0 0.3125 0.446875 0.159375 0.0328125
0 0.2890625 0.56640625 0.184375 0.053125
0 0.3859375 0.54375 0.084375 0.028125
0 0.38125 0.5703125 0.075 0.01875
0 0.390625 0.44140625 0.0484375 0.021875
0 0.371875 0.39609375 0.071875 0.0328125
0 0.403125 0.93125 0.071875 0.03125
0 0.39296875 0.81875 0.08125 0.021875