0 0.1734375 0.728125 0.04453125 0.265625
0 0.78828125 0.7875 0.0375 0.2390625
0 0.9 0.7546875 0.03046875 0.17890625
0 0.59296875 0.80078125 0.0484375 0.290625
0 0.725 0.80703125 0.04453125 0.2359375
0 0.7546875 0.8171875 0.05625 0.2625
0 0.53984375 0.8234375 0.078125 0.3140625
0 0.3625 0.8390625 0.071875 0.321875
0 0.4203125 0.84921875 0.07890625 0.3015625
0 0.4734375 0.803125 0.04765625 0.26953125
0 0.4421875 0.75625 0.04296875 0.20703125
0 0.2234375 0.6328125 0.02265625 0.11953125
0 0.01640625 0.621875 0.0328125 0.14921875