0 0.7703125 0.9875 0.203125 0.025
0 0.7734375 0.93984375 0.19375 0.06875
0 0.65703125 0.934375 0.065625 0.034375
0 0.7046875 0.8953125 0.1375 0.04375
0 0.71875 0.77734375 0.1734375 0.05
0 0.7546875 0.7421875 0.096875 0.0375
0 0.7453125 0.40078125 0.2078125 0.065625
0 0.71171875 0.38671875 0.178125 0.075
0 0.696875 0.5203125 0.1546875 0.065625
0 0.634375 0.5796875 0.071875 0.040625
0 0.61953125 0.5578125 0.059375 0.021875
0 0.61796875 0.46875 0.08125 0.0234375
0 0.6140625 0.41796875 0.053125 0.0171875
0 0.6125 0.18359375 0.078125 0.0234375