0 0.675 0.48515625 0.65 0.19375
0 0.653125 0.25703125 0.69375 0.221875
0 0.65546875 0.08125 0.6890625 0.1625
0 0.603125 0.85546875 0.79375 0.1484375
0 0.6078125 0.71015625 0.784375 0.140625
0 0.6515625 0.571875 0.696875 0.14375
0 0.64453125 0.3328125 0.7109375 0.109375
0 0.34921875 0.646875 0.35 0.121875
0 0.31875 0.50546875 0.40625 0.1390625
0 0.32265625 0.1015625 0.225 0.14375
0 0.22578125 0.59921875 0.1625 0.071875
0 0.27890625 0.18046875 0.296875 0.0984375
0 0.22109375 0.3765625 0.2328125 0.09375
0 0.56484375 0.92265625 0.7640625 0.10625
0 0.2296875 0.78984375 0.25 0.071875
0 0.14140625 0.8625 0.16875 0.0921875
0 0.19453125 0.93984375 0.253125 0.0796875
0 0.15 0.7078125 0.1953125 0.1296875
0 0.1046875 0.65625 0.15625 0.0671875
0 0.0765625 0.56328125 0.153125 0.115625
0 0.15703125 0.0859375 0.165625 0.078125
0 0.25625 0.04921875 0.29375 0.0578125