0 0.325 0.51484375 0.65 0.19375
0 0.346875 0.74296875 0.69375 0.221875
0 0.34453125 0.91875 0.6890625 0.1625
0 0.396875 0.14453125 0.79375 0.146875
0 0.3921875 0.28984375 0.784375 0.140625
0 0.3484375 0.428125 0.696875 0.14375
0 0.35546875 0.6671875 0.7109375 0.109375
0 0.65078125 0.353125 0.35 0.121875
0 0.68125 0.49453125 0.40625 0.1390625
0 0.67734375 0.8984375 0.225 0.14375
0 0.77421875 0.40078125 0.1625 0.071875
0 0.72109375 0.81953125 0.296875 0.0984375
0 0.77890625 0.6234375 0.2328125 0.09375
0 0.43515625 0.07734375 0.7640625 0.10625
0 0.7703125 0.21015625 0.25 0.071875
0 0.85859375 0.1375 0.16875 0.0921875
0 0.80546875 0.06015625 0.253125 0.078125
0 0.85 0.2921875 0.1953125 0.128125
0 0.8953125 0.34375 0.15625 0.065625
0 0.9234375 0.43671875 0.153125 0.115625
0 0.84296875 0.9140625 0.165625 0.078125
0 0.74375 0.95078125 0.29375 0.0578125