0 0.32578125 0.709375 0.0765625 0.5640625
0 0.43671875 0.62109375 0.0640625 0.40625
0 0.55625 0.621875 0.08984375 0.41328125
0 0.6859375 0.64140625 0.08984375 0.4609375
0 0.86640625 0.6171875 0.08984375 0.42265625
0 0.94921875 0.57421875 0.05625 0.33125
0 0.65 0.5453125 0.05 0.3125
0 0.3921875 0.5078125 0.03515625 0.21875
0 0.503125 0.53203125 0.04140625 0.24765625
0 0.8078125 0.5015625 0.0421875 0.1953125
0 0.72734375 0.4984375 0.02578125 0.17265625
0 0.775 0.4953125 0.0234375 0.1578125
0 0.75625 0.46953125 0.02265625 0.1421875
0 0.6046875 0.47890625 0.02265625 0.14296875
0 0.2796875 0.4953125 0.03203125 0.16171875
0 0.121875 0.56015625 0.059375 0.25703125
0 0.06484375 0.546875 0.05 0.253125
0 0.1578125 0.49765625 0.02890625 0.16015625
0 0.21328125 0.49140625 0.02265625 0.14921875
0 0.35703125 0.4734375 0.021875 0.115625
0 0.53515625 0.4390625 0.02265625 0.08515625
0 0.47890625 0.4796875 0.025 0.15234375
0 0.46328125 0.44375 0.02109375 0.09375