0 0.290625 0.32578125 0.5640625 0.0765625
0 0.37890625 0.43671875 0.40625 0.0640625
0 0.378125 0.55625 0.4125 0.090625
0 0.35859375 0.6859375 0.4609375 0.090625
0 0.3828125 0.86640625 0.421875 0.090625
0 0.42578125 0.94921875 0.33125 0.05625
0 0.4546875 0.65 0.3125 0.05
0 0.4921875 0.3921875 0.21875 0.034375
0 0.46796875 0.503125 0.246875 0.040625
0 0.4984375 0.8078125 0.1953125 0.0421875
0 0.5015625 0.72734375 0.171875 0.025
0 0.5046875 0.775 0.1578125 0.0234375
0 0.53046875 0.75625 0.1421875 0.021875
0 0.52109375 0.6046875 0.14375 0.021875
0 0.5046875 0.2796875 0.1625 0.03125
0 0.43984375 0.121875 0.25625 0.059375
0 0.453125 0.06484375 0.253125 0.05
0 0.50234375 0.1578125 0.159375 0.028125
0 0.50859375 0.21328125 0.15 0.021875
0 0.5265625 0.35703125 0.115625 0.021875
0 0.5609375 0.53515625 0.084375 0.021875
0 0.5203125 0.47890625 0.153125 0.025
0 0.55625 0.46328125 0.09375 0.021875