0 0.225 0.52890625 0.45 0.0953125
0 0.21640625 0.68671875 0.4328125 0.134375
0 0.22265625 0.7546875 0.4453125 0.1
0 0.27890625 0.9046875 0.3078125 0.065625
0 0.28203125 0.94375 0.31875 0.0609375
0 0.315625 0.41484375 0.275 0.065625
0 0.3390625 0.4875 0.2125 0.03125
0 0.359375 0.22109375 0.14375 0.021875
0 0.36484375 0.18359375 0.1625 0.028125
0 0.315625 0.1109375 0.171875 0.03125
0 0.32890625 0.1328125 0.171875 0.028125
0 0.32421875 0.1609375 0.1484375 0.0265625
0 0.38203125 0.03359375 0.1 0.01875