0 0.52890625 0.775 0.0953125 0.45
0 0.68671875 0.78359375 0.134375 0.4328125
0 0.7546875 0.77734375 0.1 0.4453125
0 0.9046875 0.72109375 0.065625 0.3078125
0 0.94375 0.71796875 0.059375 0.31875
0 0.41484375 0.684375 0.065625 0.275
0 0.4875 0.6609375 0.03125 0.2125
0 0.22109375 0.640625 0.021875 0.14375
0 0.18359375 0.63515625 0.028125 0.1625
0 0.1109375 0.684375 0.03125 0.171875
0 0.1328125 0.67109375 0.028125 0.171875
0 0.1609375 0.67578125 0.0265625 0.1484375
0 0.03359375 0.61796875 0.01875 0.1