0 0.3984375 0.51171875 0.640625 0.2625
0 0.31015625 0.70390625 0.378125 0.13125
0 0.23125 0.46484375 0.4625 0.2515625
0 0.19296875 0.5578125 0.384375 0.190625
0 0.5 0.72421875 0.4375 0.346875
0 0.45078125 0.22109375 0.428125 0.23125
0 0.1359375 0.11015625 0.271875 0.1734375
0 0.29140625 0.25078125 0.271875 0.128125
0 0.46953125 0.08671875 0.296875 0.0984375
0 0.440625 0.03515625 0.315625 0.0703125
0 0.68984375 0.1265625 0.21875 0.071875
0 0.6046875 0.303125 0.325 0.1734375
0 0.83359375 0.71640625 0.225 0.0921875
0 0.7765625 0.48515625 0.1703125 0.08125
0 0.74921875 0.58828125 0.2296875 0.0875
0 0.859375 0.63984375 0.1578125 0.090625
0 0.93203125 0.290625 0.1359375 0.0625
0 0.78046875 0.871875 0.35 0.209375
0 0.6765625 0.91328125 0.221875 0.0984375
0 0.4078125 0.9265625 0.51875 0.146875
0 0.1765625 0.79296875 0.353125 0.1859375
0 0.25859375 0.9578125 0.5171875 0.084375