0 0.31328125 0.60546875 0.08359375 0.3484375
0 0.41640625 0.584375 0.1 0.365625
0 0.9 0.56015625 0.05859375 0.31171875
0 0.07109375 0.4859375 0.040625 0.19296875
0 0.0421875 0.5640625 0.02578125 0.12109375
0 0.00703125 0.56015625 0.0140625 0.11171875
0 0.18203125 0.496875 0.01953125 0.134375
0 0.2078125 0.56875 0.021875 0.0765625
0 0.2546875 0.50078125 0.0296875 0.11328125
0 0.46796875 0.54140625 0.01796875 0.05546875
0 0.48359375 0.5390625 0.01640625 0.04765625
0 0.53828125 0.53359375 0.015625 0.084375
0 0.5796875 0.53359375 0.01796875 0.084375
0 0.62578125 0.53203125 0.03125 0.0890625
0 0.6546875 0.52734375 0.01953125 0.09609375
0 0.67734375 0.528125 0.0234375 0.09453125
0 0.725 0.53046875 0.0203125 0.08515625
0 0.7453125 0.52890625 0.01640625 0.08515625
0 0.80859375 0.515625 0.01171875 0.0703125
0 0.82578125 0.52109375 0.0234375 0.090625
0 0.84765625 0.52265625 0.01875 0.0875
0 0.8640625 0.525 0.015625 0.08359375
0 0.9625 0.521875 0.01484375 0.08046875
0 0.97421875 0.5234375 0.015625 0.07890625