0 0.39453125 0.31328125 0.3484375 0.084375
0 0.415625 0.41640625 0.365625 0.1
0 0.43984375 0.9 0.3125 0.059375
0 0.5140625 0.07109375 0.19375 0.040625
0 0.4359375 0.0421875 0.121875 0.025
0 0.43984375 0.00703125 0.1125 0.0140625
0 0.503125 0.18203125 0.134375 0.01875
0 0.43125 0.2078125 0.0765625 0.021875
0 0.49921875 0.2546875 0.1125 0.0296875
0 0.45859375 0.46796875 0.05625 0.01875
0 0.4609375 0.48359375 0.046875 0.015625
0 0.46640625 0.53828125 0.084375 0.015625
0 0.46640625 0.5796875 0.084375 0.01875
0 0.46796875 0.62578125 0.0890625 0.03125
0 0.47265625 0.6546875 0.096875 0.01875
0 0.471875 0.67734375 0.09375 0.0234375
0 0.46953125 0.725 0.084375 0.0203125
0 0.47109375 0.7453125 0.084375 0.015625
0 0.484375 0.80859375 0.0703125 0.0125
0 0.47890625 0.82578125 0.090625 0.0234375
0 0.47734375 0.84765625 0.0875 0.01875
0 0.475 0.8640625 0.084375 0.015625
0 0.478125 0.9625 0.08125 0.015625
0 0.4765625 0.97421875 0.078125 0.015625