0 0.83828125 0.56015625 0.321875 0.0796875
0 0.81015625 0.72890625 0.23125 0.059375
0 0.80078125 0.68828125 0.23125 0.046875
0 0.76171875 0.64296875 0.16875 0.0359375
0 0.828125 0.40625 0.34375 0.109375
0 0.81953125 0.33828125 0.3609375 0.0765625
0 0.83046875 0.23671875 0.3390625 0.084375
0 0.75625 0.4703125 0.1875 0.040625
0 0.765625 0.5125 0.2046875 0.0390625
0 0.82109375 0.08125 0.3578125 0.134375
0 0.7671875 0.18125 0.2125 0.040625
0 0.69765625 0.12421875 0.0875 0.0484375
0 0.75859375 0.29296875 0.196875 0.0359375
0 0.76875 0.5953125 0.203125 0.0375