0 0.5578125 0.4265625 0.1578125 0.0375
0 0.40390625 0.625 0.1125 0.0625
0 0.4078125 0.5609375 0.11875 0.065625
0 0.41171875 0.48671875 0.125 0.071875
0 0.40390625 0.4171875 0.11875 0.065625
0 0.40078125 0.35 0.11875 0.0828125
0 0.40234375 0.27578125 0.1265625 0.075
0 0.54921875 0.65390625 0.171875 0.0390625
0 0.553125 0.7140625 0.15 0.0359375
0 0.5546875 0.78671875 0.1515625 0.034375
0 0.56015625 0.4671875 0.1546875 0.0328125
0 0.5484375 0.3421875 0.18125 0.0421875
0 0.55390625 0.28671875 0.171875 0.046875
0 0.56171875 0.24296875 0.1609375 0.0390625
0 0.559375 0.215625 0.1625 0.03125
0 0.5609375 0.18359375 0.1640625 0.0421875
0 0.55625 0.13203125 0.1703125 0.040625
0 0.56171875 0.071875 0.153125 0.03125
0 0.56015625 0.56328125 0.15 0.028125
0 0.55234375 0.37421875 0.159375 0.0375
0 0.56328125 0.52265625 0.15 0.0328125
0 0.55546875 0.8421875 0.134375 0.028125
0 0.553125 0.90234375 0.14375 0.0296875
0 0.55078125 0.9703125 0.140625 0.0375
0 0.53828125 0.934375 0.128125 0.021875
0 0.546875 0.98671875 0.13125 0.021875
0 0.546875 0.87265625 0.134375 0.025
0 0.5484375 0.59921875 0.18125 0.05625
0 0.53671875 0.7484375 0.1421875 0.021875
0 0.54765625 0.803125 0.14375 0.021875
0 0.54296875 0.9171875 0.128125 0.01875
0 0.540625 0.68671875 0.1546875 0.0203125
0 0.55078125 0.73515625 0.1453125 0.0296875
0 0.546875 0.58828125 0.1703125 0.025
0 0.54453125 0.5 0.175 0.025
0 0.5453125 0.39375 0.1625 0.028125
0 0.55546875 0.040625 0.1375 0.03125
0 0.55546875 0.01171875 0.1484375 0.0234375