0 0.23671875 0.65546875 0.0296875 0.12421875
0 0.58828125 0.653125 0.03359375 0.13359375
0 0.92265625 0.6390625 0.0484375 0.165625
0 0.85234375 0.68203125 0.0625 0.2625
0 0.59453125 0.715625 0.09765625 0.3125
0 0.66328125 0.72109375 0.0828125 0.3671875
0 0.4265625 0.64375 0.02578125 0.1015625
0 0.9859375 0.63671875 0.028125 0.14296875
0 0.9546875 0.6328125 0.04375 0.159375
0 0.2875 0.646875 0.01796875 0.0921875
0 0.30625 0.64296875 0.01484375 0.0765625
0 0.0171875 0.66875 0.034375 0.1640625
0 0.0484375 0.67109375 0.06484375 0.17421875
0 0.1265625 0.66953125 0.0359375 0.175
0 0.5625 0.63359375 0.0140625 0.065625
0 0.36328125 0.640625 0.01796875 0.06796875
0 0.26328125 0.63828125 0.015625 0.06484375