0 0.67421875 0.975 0.3140625 0.05
0 0.6765625 0.934375 0.2875 0.0578125
0 0.66328125 0.896875 0.2296875 0.034375
0 0.64921875 0.865625 0.20625 0.040625
0 0.63203125 0.81953125 0.19375 0.034375
0 0.62421875 0.8015625 0.2 0.0265625
0 0.640625 0.7859375 0.221875 0.034375
0 0.6515625 0.7578125 0.2484375 0.0421875
0 0.665625 0.72109375 0.26875 0.040625
0 0.6796875 0.69453125 0.26875 0.0640625
0 0.65234375 0.6703125 0.2046875 0.03125
0 0.64921875 0.6578125 0.209375 0.034375
0 0.63359375 0.61171875 0.215625 0.034375
0 0.646875 0.58515625 0.2078125 0.025
0 0.62265625 0.5734375 0.1875 0.01875
0 0.559375 0.684375 0.0546875 0.0203125
0 0.55625 0.66484375 0.046875 0.0171875
0 0.61953125 0.5578125 0.175 0.01875
0 0.546875 0.5390625 0.04375 0.01875
0 0.68671875 0.5125 0.290625 0.0625
0 0.559375 0.4484375 0.05625 0.025
0 0.6265625 0.42109375 0.171875 0.0203125
0 0.603125 0.40390625 0.1265625 0.028125
0 0.56953125 0.365625 0.1140625 0.025
0 0.57890625 0.33125 0.096875 0.046875
0 0.68984375 0.3140625 0.303125 0.04375
0 0.72734375 0.3828125 0.3453125 0.05625
0 0.76953125 0.3453125 0.225 0.046875
0 0.7203125 0.33125 0.2875 0.0421875
0 0.77109375 0.2515625 0.428125 0.096875
0 0.5390625 0.2328125 0.040625 0.0203125
0 0.6453125 0.27578125 0.225 0.028125
0 0.65390625 0.209375 0.21875 0.0359375
0 0.6609375 0.06484375 0.2375 0.0390625
0 0.6765625 0.0203125 0.20625 0.034375
0 0.6578125 0.0390625 0.225 0.021875