0 0.68515625 0.4421875 0.290625 0.46875
0 0.32578125 0.48125 0.1734375 0.51484375
0 0.10703125 0.4859375 0.09609375 0.2625
0 0.24921875 0.43203125 0.09140625 0.24296875
0 0.190625 0.4328125 0.06796875 0.15234375
0 0.53984375 0.48984375 0.06171875 0.29296875
0 0.61015625 0.48125 0.08359375 0.18671875
0 0.78828125 0.50859375 0.04609375 0.15
0 0.884375 0.521875 0.05 0.1640625
0 0.47734375 0.515625 0.0375 0.12109375
0 0.41953125 0.5140625 0.02265625 0.0890625
0 0.753125 0.51796875 0.03359375 0.08515625
0 0.82421875 0.53828125 0.0109375 0.06171875
0 0.83515625 0.5375 0.009375 0.0609375
0 0.84453125 0.53984375 0.01484375 0.06015625
0 0.721875 0.52734375 0.01953125 0.0953125