0 0.7765625 0.3671875 0.1546875 0.040625
0 0.75625 0.49921875 0.14375 0.0421875
0 0.7453125 0.48125 0.146875 0.0203125
0 0.82421875 0.09765625 0.2875 0.075
0 0.803125 0.0671875 0.2546875 0.071875
0 0.7828125 0.978125 0.16875 0.04375
0 0.746875 0.85703125 0.0953125 0.028125
0 0.74296875 0.828125 0.0921875 0.025
0 0.72734375 0.79375 0.0875 0.0265625
0 0.7296875 0.94453125 0.0734375 0.021875
0 0.7265625 0.88203125 0.0640625 0.01875
0 0.715625 0.61484375 0.078125 0.021875
0 0.71328125 0.56796875 0.0625 0.0109375
0 0.73515625 0.771875 0.084375 0.021875
0 0.7328125 0.75546875 0.078125 0.025
0 0.6984375 0.01328125 0.0578125 0.0265625
0 0.75 0.1484375 0.140625 0.0359375
0 0.73203125 0.2078125 0.13125 0.0484375
0 0.71796875 0.44453125 0.071875 0.025
0 0.7109375 0.45703125 0.06875 0.015625
0 0.71015625 0.33203125 0.053125 0.01875
0 0.72265625 0.31328125 0.065625 0.021875
0 0.71953125 0.2921875 0.065625 0.01875