0 0.4421875 0.5734375 0.1578125 0.0375
0 0.59609375 0.375 0.1125 0.0625
0 0.5921875 0.4390625 0.11875 0.065625
0 0.58828125 0.51328125 0.125 0.071875
0 0.59609375 0.5828125 0.11875 0.065625
0 0.59921875 0.65 0.11875 0.0828125
0 0.59765625 0.72421875 0.1265625 0.075
0 0.45078125 0.34609375 0.171875 0.0390625
0 0.446875 0.2859375 0.15 0.0359375
0 0.4453125 0.21328125 0.1515625 0.034375
0 0.43984375 0.5328125 0.1546875 0.0328125
0 0.4515625 0.6578125 0.18125 0.0421875
0 0.44609375 0.71328125 0.171875 0.046875
0 0.43828125 0.75703125 0.1609375 0.0390625
0 0.440625 0.784375 0.1625 0.03125
0 0.4390625 0.81640625 0.1640625 0.0421875
0 0.44375 0.86796875 0.1703125 0.040625
0 0.43828125 0.928125 0.153125 0.0328125
0 0.43984375 0.43671875 0.15 0.028125
0 0.44765625 0.62578125 0.159375 0.0375
0 0.43671875 0.47734375 0.15 0.0328125
0 0.44453125 0.1578125 0.134375 0.028125
0 0.446875 0.09765625 0.14375 0.0296875
0 0.44921875 0.0296875 0.140625 0.0375
0 0.46171875 0.065625 0.128125 0.021875
0 0.453125 0.01328125 0.13125 0.021875
0 0.453125 0.12734375 0.134375 0.025
0 0.4515625 0.40078125 0.18125 0.05625
0 0.46328125 0.2515625 0.1421875 0.021875
0 0.45234375 0.196875 0.14375 0.021875
0 0.45703125 0.0828125 0.128125 0.01875
0 0.459375 0.31328125 0.1546875 0.0203125
0 0.44921875 0.26484375 0.1453125 0.0296875
0 0.453125 0.41171875 0.1703125 0.025
0 0.45546875 0.5 0.175 0.025
0 0.4546875 0.60625 0.1625 0.028125
0 0.44453125 0.959375 0.1375 0.03125
0 0.44453125 0.98828125 0.1484375 0.0234375