0 0.3625 0.8578125 0.0421875 0.15
0 0.5875 0.859375 0.0375 0.13125
0 0.6296875 0.859375 0.040625 0.134375
0 0.26484375 0.87578125 0.046875 0.178125
0 0.3078125 0.8796875 0.053125 0.178125
0 0.75078125 0.88515625 0.0421875 0.184375
0 0.79140625 0.88515625 0.046875 0.178125
0 0.8375 0.875 0.046875 0.1625
0 0.1453125 0.87578125 0.05 0.1828125
0 0.18671875 0.86328125 0.0296875 0.134375
0 0.18359375 0.80390625 0.01875 0.05625
0 0.13046875 0.85078125 0.028125 0.14375
0 0.4265625 0.83203125 0.0171875 0.065625
0 0.29375 0.82734375 0.01875 0.06875