0 0.30078125 0.14375 0.225 0.040625
0 0.26796875 0.49375 0.2296875 0.078125
0 0.31796875 0.18515625 0.175 0.0375
0 0.33671875 0.225 0.15 0.0359375
0 0.31640625 0.31875 0.1375 0.0203125
0 0.3296875 0.346875 0.153125 0.034375
0 0.3390625 0.3828125 0.14375 0.0390625
0 0.34765625 0.53203125 0.128125 0.040625
0 0.315625 0.5578125 0.165625 0.0359375
0 0.309375 0.58671875 0.134375 0.03125
0 0.359375 0.628125 0.103125 0.01875
0 0.3640625 0.68984375 0.09375 0.028125
0 0.3578125 0.725 0.1 0.01875
0 0.36015625 0.6484375 0.090625 0.015625
0 0.3421875 0.07265625 0.146875 0.0609375
0 0.33984375 0.08984375 0.125 0.025
0 0.3609375 0.26640625 0.090625 0.0359375
0 0.37109375 0.415625 0.08125 0.01875
0 0.38125 0.28359375 0.065625 0.01875
0 0.38671875 0.47109375 0.05625 0.015625
0 0.39296875 0.49375 0.05 0.0171875
0 0.34921875 0.9578125 0.0984375 0.0234375
0 0.34296875 0.79921875 0.1046875 0.0171875
0 0.36328125 0.7765625 0.103125 0.0265625
0 0.35703125 0.8203125 0.0875 0.015625
0 0.36171875 0.83984375 0.103125 0.028125
0 0.34609375 0.878125 0.0953125 0.0359375
0 0.33359375 0.9125 0.1125 0.0390625
0 0.33828125 0.92734375 0.121875 0.0453125
0 0.359375 0.896875 0.1 0.015625
0 0.3609375 0.85625 0.0890625 0.0203125
0 0.3578125 0.84453125 0.084375 0.0125
0 0.36875 0.75 0.090625 0.025
0 0.38828125 0.4359375 0.0671875 0.0140625
0 0.37734375 0.44453125 0.071875 0.0125