0 0.14375 0.69921875 0.03984375 0.22578125
0 0.49375 0.73203125 0.07734375 0.2296875
0 0.18515625 0.68203125 0.03828125 0.17578125
0 0.225 0.66328125 0.0359375 0.15078125
0 0.31875 0.68359375 0.0203125 0.13671875
0 0.346875 0.6703125 0.03359375 0.15234375
0 0.3828125 0.6609375 0.0390625 0.14296875
0 0.53203125 0.65234375 0.04140625 0.128125
0 0.5578125 0.684375 0.0359375 0.16484375
0 0.58671875 0.690625 0.03203125 0.13515625
0 0.628125 0.640625 0.01875 0.10234375
0 0.68984375 0.6359375 0.02734375 0.09453125
0 0.725 0.6421875 0.01796875 0.09921875
0 0.6484375 0.63984375 0.01640625 0.09140625
0 0.07265625 0.6578125 0.0609375 0.14609375
0 0.08984375 0.66015625 0.02578125 0.12421875
0 0.26640625 0.6390625 0.0359375 0.08984375
0 0.415625 0.62890625 0.01875 0.08046875
0 0.28359375 0.61875 0.01796875 0.065625
0 0.47109375 0.61328125 0.015625 0.05703125
0 0.49375 0.60703125 0.0171875 0.05078125
0 0.9578125 0.65078125 0.0234375 0.0984375
0 0.79921875 0.65703125 0.0171875 0.1046875
0 0.7765625 0.63671875 0.0265625 0.10234375
0 0.8203125 0.64296875 0.015625 0.08828125
0 0.83984375 0.63828125 0.02734375 0.103125
0 0.878125 0.65390625 0.0359375 0.0953125
0 0.9125 0.66640625 0.03828125 0.11328125
0 0.92734375 0.66171875 0.0453125 0.12265625
0 0.896875 0.640625 0.015625 0.1
0 0.85625 0.6390625 0.0203125 0.0890625
0 0.84453125 0.6421875 0.01171875 0.084375
0 0.75 0.63125 0.025 0.08984375
0 0.4359375 0.61171875 0.0140625 0.0671875
0 0.44453125 0.62265625 0.0125 0.07109375