0 0.5734375 0.5578125 0.0375 0.1578125
0 0.375 0.40390625 0.0625 0.11171875
0 0.4390625 0.4078125 0.065625 0.11796875
0 0.51328125 0.41171875 0.07265625 0.12421875
0 0.5828125 0.40390625 0.065625 0.11953125
0 0.65 0.40078125 0.0828125 0.11875
0 0.72421875 0.40234375 0.07578125 0.1265625
0 0.34609375 0.54921875 0.0390625 0.17109375
0 0.2859375 0.553125 0.0359375 0.15078125
0 0.21328125 0.5546875 0.03359375 0.1515625
0 0.5328125 0.56015625 0.0328125 0.1546875
0 0.6578125 0.5484375 0.0421875 0.18046875
0 0.71328125 0.55390625 0.04609375 0.17109375
0 0.75703125 0.56171875 0.0390625 0.1609375
0 0.784375 0.559375 0.03046875 0.1625
0 0.81640625 0.5609375 0.0421875 0.1640625
0 0.86796875 0.55625 0.040625 0.1703125
0 0.928125 0.56171875 0.03203125 0.15390625
0 0.43671875 0.56015625 0.02734375 0.14921875
0 0.62578125 0.55234375 0.0375 0.16015625
0 0.47734375 0.56328125 0.0328125 0.14921875
0 0.1578125 0.55546875 0.02734375 0.13515625
0 0.09765625 0.553125 0.0296875 0.14296875
0 0.0296875 0.55078125 0.0375 0.140625
0 0.065625 0.53828125 0.02109375 0.128125
0 0.01328125 0.546875 0.02109375 0.13046875
0 0.12734375 0.546875 0.025 0.13515625
0 0.40078125 0.5484375 0.05546875 0.18203125
0 0.2515625 0.53671875 0.021875 0.1421875
0 0.196875 0.54765625 0.02265625 0.14296875
0 0.0828125 0.54296875 0.01875 0.12890625
0 0.31328125 0.540625 0.0203125 0.1546875
0 0.26484375 0.55078125 0.0296875 0.1453125
0 0.41171875 0.546875 0.02421875 0.1703125
0 0.5 0.54453125 0.025 0.17421875
0 0.60625 0.5453125 0.02890625 0.1625
0 0.959375 0.55546875 0.03125 0.13828125
0 0.98828125 0.55546875 0.0234375 0.1484375