0 0.2234375 0.6328125 0.1546875 0.040625
0 0.24375 0.50078125 0.14375 0.0421875
0 0.2546875 0.51875 0.146875 0.0203125
0 0.17578125 0.90234375 0.2875 0.075
0 0.196875 0.9328125 0.2546875 0.0734375
0 0.2171875 0.021875 0.16875 0.04375
0 0.253125 0.14296875 0.0953125 0.028125
0 0.25703125 0.171875 0.0921875 0.025
0 0.27265625 0.20625 0.0875 0.0265625
0 0.2703125 0.05546875 0.0734375 0.021875
0 0.2734375 0.11796875 0.0640625 0.01875
0 0.284375 0.38515625 0.078125 0.021875
0 0.28671875 0.43203125 0.0625 0.0109375
0 0.26484375 0.228125 0.084375 0.021875
0 0.2671875 0.24453125 0.078125 0.025
0 0.3015625 0.98671875 0.0578125 0.0265625
0 0.25 0.8515625 0.140625 0.0359375
0 0.26796875 0.7921875 0.13125 0.0484375
0 0.28203125 0.55546875 0.071875 0.025
0 0.2890625 0.54296875 0.06875 0.015625
0 0.28984375 0.66796875 0.053125 0.01875
0 0.27734375 0.68671875 0.065625 0.021875
0 0.28046875 0.7078125 0.065625 0.01875