0 0.37578125 0.9515625 0.278125 0.096875
0 0.3859375 0.90390625 0.2515625 0.1171875
0 0.36171875 0.0375 0.1015625 0.075
0 0.4109375 0.07421875 0.13125 0.0625
0 0.44765625 0.0203125 0.0875 0.040625
0 0.44140625 0.36484375 0.0953125 0.0453125
0 0.43515625 0.246875 0.065625 0.065625
0 0.46015625 0.2953125 0.053125 0.03125
0 0.47265625 0.30625 0.040625 0.028125
0 0.4671875 0.34296875 0.075 0.01875
0 0.48046875 0.39140625 0.034375 0.028125
0 0.4453125 0.44140625 0.084375 0.040625
0 0.47265625 0.41171875 0.0359375 0.04375
0 0.509375 0.5984375 0.0359375 0.1203125
0 0.44765625 0.796875 0.084375 0.040625