0 0.2859375 0.62734375 0.06015625 0.3484375
0 0.3953125 0.65625 0.0796875 0.459375
0 0.65078125 0.659375 0.090625 0.50703125
0 0.1171875 0.56484375 0.0296875 0.178125
0 0.16015625 0.5640625 0.03046875 0.1484375
0 0.24609375 0.61484375 0.04609375 0.271875
0 0.20703125 0.54609375 0.01875 0.125
0 0.18359375 0.55859375 0.0234375 0.125
0 0.98203125 0.61171875 0.0328125 0.20859375
0 0.96640625 0.5421875 0.02421875 0.09453125
0 0.97734375 0.5015625 0.01953125 0.05390625
0 0.7375 0.571875 0.03203125 0.16953125
0 0.78671875 0.59140625 0.0421875 0.165625
0 0.82109375 0.571875 0.02734375 0.171875
0 0.85625 0.575 0.0265625 0.1734375
0 0.8921875 0.58125 0.028125 0.19453125
0 0.9203125 0.60078125 0.028125 0.1890625
0 0.759375 0.51875 0.01328125 0.053125
0 0.7734375 0.5125 0.01171875 0.04375
0 0.6796875 0.5265625 0.02109375 0.1
0 0.80234375 0.53125 0.0203125 0.0859375
0 0.840625 0.51875 0.0140625 0.0765625
0 0.7484375 0.5 0.01015625 0.03359375
0 0.70546875 0.49921875 0.00546875 0.03515625
0 0.7125 0.51953125 0.0109375 0.0546875
0 0.7671875 0.4921875 0.0078125 0.02265625