0 0.1125 0.6453125 0.08359375 0.36015625
0 0.190625 0.63359375 0.04375 0.24296875
0 0.7296875 0.65 0.065625 0.33359375
0 0.37734375 0.6390625 0.06796875 0.27578125
0 0.3 0.60390625 0.06328125 0.22265625
0 0.965625 0.67109375 0.06875 0.3515625
0 0.66484375 0.615625 0.06953125 0.2078125
0 0.4890625 0.590625 0.03359375 0.1875
0 0.553125 0.5875 0.05390625 0.18515625
0 0.04921875 0.609375 0.0546875 0.17578125
0 0.0203125 0.5859375 0.01875 0.175
0 0.0125 0.60078125 0.0234375 0.153125
0 0.1453125 0.5984375 0.0546875 0.15546875
0 0.21953125 0.59140625 0.03203125 0.1578125
0 0.22734375 0.5875 0.02890625 0.1359375
0 0.2734375 0.6046875 0.03984375 0.196875
0 0.42109375 0.60859375 0.03359375 0.175
0 0.44609375 0.60390625 0.02734375 0.21171875
0 0.56171875 0.58046875 0.03828125 0.16796875
0 0.58671875 0.58828125 0.028125 0.16171875
0 0.61796875 0.58671875 0.05 0.17578125
0 0.6875 0.596875 0.02890625 0.159375
0 0.7984375 0.609375 0.05390625 0.26796875
0 0.83671875 0.60703125 0.05703125 0.2328125
0 0.9 0.60859375 0.06484375 0.21015625
0 0.934375 0.59296875 0.02890625 0.1671875
0 0.86015625 0.590625 0.02890625 0.14453125
0 0.7546875 0.6171875 0.03203125 0.20078125
0 0.38828125 0.58984375 0.03359375 0.14453125
0 0.03828125 0.559375 0.0203125 0.09609375
0 0.071875 0.6 0.02734375 0.15078125