0 0.9515625 0.62421875 0.096875 0.27734375
0 0.90390625 0.6140625 0.11640625 0.2515625
0 0.0375 0.63828125 0.075 0.1015625
0 0.07421875 0.5890625 0.06328125 0.13203125
0 0.0203125 0.55234375 0.040625 0.08671875
0 0.36484375 0.55859375 0.0453125 0.0953125
0 0.246875 0.56484375 0.06484375 0.065625
0 0.2953125 0.53984375 0.03203125 0.05390625
0 0.30625 0.52734375 0.02890625 0.03984375
0 0.34296875 0.5328125 0.01796875 0.075
0 0.39140625 0.51953125 0.028125 0.03359375
0 0.44140625 0.5546875 0.040625 0.084375
0 0.41171875 0.52734375 0.04375 0.0359375
0 0.5984375 0.490625 0.1203125 0.0359375
0 0.796875 0.55234375 0.03984375 0.08515625