0 0.62734375 0.7140625 0.3484375 0.059375
0 0.65625 0.6046875 0.459375 0.0796875
0 0.659375 0.34921875 0.50625 0.090625
0 0.56484375 0.8828125 0.178125 0.0296875
0 0.5640625 0.83984375 0.1484375 0.03125
0 0.61484375 0.75390625 0.271875 0.046875
0 0.54609375 0.79296875 0.125 0.01875
0 0.55859375 0.81640625 0.125 0.0234375
0 0.61171875 0.01796875 0.209375 0.0328125
0 0.5421875 0.03359375 0.09375 0.025
0 0.5015625 0.02265625 0.053125 0.01875
0 0.571875 0.2625 0.16875 0.03125
0 0.59140625 0.21328125 0.165625 0.0421875
0 0.571875 0.17890625 0.171875 0.028125
0 0.575 0.14375 0.1734375 0.0265625
0 0.58125 0.1078125 0.19375 0.028125
0 0.60078125 0.0796875 0.1890625 0.028125
0 0.51875 0.240625 0.053125 0.0125
0 0.5125 0.2265625 0.04375 0.0125
0 0.5265625 0.3203125 0.1 0.021875
0 0.53125 0.19765625 0.0859375 0.0203125
0 0.51875 0.159375 0.0765625 0.0140625
0 0.5 0.2515625 0.034375 0.009375
0 0.49921875 0.29453125 0.034375 0.00625
0 0.51953125 0.2875 0.0546875 0.0109375
0 0.4921875 0.2328125 0.021875 0.0078125