0 0.1421875 0.3625 0.15 0.0421875
0 0.140625 0.5875 0.13125 0.0375
0 0.140625 0.6296875 0.134375 0.040625
0 0.12421875 0.26484375 0.178125 0.046875
0 0.1203125 0.3078125 0.178125 0.053125
0 0.11484375 0.75078125 0.184375 0.0421875
0 0.11484375 0.79140625 0.178125 0.046875
0 0.125 0.8375 0.1625 0.046875
0 0.12421875 0.1453125 0.1828125 0.05
0 0.13671875 0.18671875 0.134375 0.0296875
0 0.19609375 0.18359375 0.05625 0.01875
0 0.14921875 0.13046875 0.14375 0.028125
0 0.16796875 0.4265625 0.065625 0.0171875
0 0.17265625 0.29375 0.06875 0.01875