0 0.3734375 0.46640625 0.25 0.0578125
0 0.46484375 0.37265625 0.63125 0.234375
0 0.45859375 0.25546875 0.634375 0.23125
0 0.353125 0.10703125 0.203125 0.046875
0 0.35390625 0.54921875 0.090625 0.01875
0 0.334375 0.6046875 0.09375 0.025
0 0.3296875 0.66796875 0.1 0.028125
0 0.3265625 0.575 0.08125 0.01875
0 0.33359375 0.775 0.1015625 0.021875
0 0.33515625 0.821875 0.128125 0.0390625
0 0.34140625 0.83984375 0.1421875 0.0453125
0 0.33828125 0.87265625 0.121875 0.0296875
0 0.3453125 0.75078125 0.0765625 0.015625
0 0.34921875 0.70078125 0.03125 0.0234375
0 0.34453125 0.72890625 0.03125 0.0265625
0 0.40390625 0.72890625 0.08125 0.0390625