0 0.15625 0.9796875 0.1328125 0.040625
0 0.1515625 0.82578125 0.128125 0.0640625
0 0.18359375 0.7125 0.0734375 0.0453125
0 0.175 0.66953125 0.0828125 0.040625
0 0.18046875 0.65078125 0.0875 0.03125
0 0.1828125 0.61328125 0.090625 0.0453125
0 0.2 0.55234375 0.0609375 0.03125
0 0.2046875 0.47734375 0.04375 0.021875
0 0.20546875 0.36953125 0.01875 0.025
0 0.19921875 0.3203125 0.0234375 0.025
0 0.19453125 0.24921875 0.03125 0.0375
0 0.18984375 0.22890625 0.0328125 0.0203125
0 0.153125 0.475 0.0265625 0.0328125