0 0.37265625 0.2859375 0.3484375 0.059375
0 0.34375 0.3953125 0.459375 0.0796875
0 0.340625 0.65078125 0.50625 0.090625
0 0.43515625 0.1171875 0.178125 0.0296875
0 0.4359375 0.16015625 0.1484375 0.03125
0 0.38515625 0.24609375 0.271875 0.046875
0 0.45390625 0.20703125 0.125 0.01875
0 0.44140625 0.18359375 0.125 0.0234375
0 0.38828125 0.98203125 0.209375 0.0328125
0 0.4578125 0.96640625 0.09375 0.025
0 0.4984375 0.97734375 0.053125 0.0203125
0 0.428125 0.7375 0.16875 0.03125
0 0.40859375 0.78671875 0.165625 0.0421875
0 0.428125 0.82109375 0.171875 0.028125
0 0.425 0.85625 0.1734375 0.0265625
0 0.41875 0.8921875 0.19375 0.028125
0 0.39921875 0.9203125 0.1890625 0.028125
0 0.48125 0.759375 0.053125 0.0125
0 0.4875 0.7734375 0.04375 0.0125
0 0.4734375 0.6796875 0.1 0.021875
0 0.46875 0.80234375 0.0859375 0.0203125
0 0.48125 0.840625 0.0765625 0.0140625
0 0.5 0.7484375 0.034375 0.009375
0 0.50078125 0.70546875 0.034375 0.00625
0 0.48046875 0.7125 0.0546875 0.0109375
0 0.5078125 0.7671875 0.021875 0.0078125