0 0.11796875 0.46015625 0.1203125 0.03125
0 0.05703125 0.384375 0.1140625 0.0375
0 0.06171875 0.290625 0.1234375 0.034375
0 0.071875 0.3203125 0.109375 0.03125
0 0.09296875 0.32734375 0.128125 0.034375
0 0.10390625 0.35390625 0.1359375 0.03125
0 0.1171875 0.6046875 0.11875 0.0375
0 0.12109375 0.784375 0.13125 0.0265625
0 0.05703125 0.9015625 0.1140625 0.04375
0 0.10390625 0.84609375 0.140625 0.025
0 0.09140625 0.86796875 0.13125 0.025
0 0.0765625 0.67890625 0.153125 0.0421875
0 0.0578125 0.97890625 0.115625 0.0421875
0 0.125 0.55 0.1140625 0.025
0 0.07734375 0.39921875 0.115625 0.021875
0 0.075 0.22265625 0.13125 0.0390625
0 0.06796875 0.24375 0.134375 0.034375
0 0.11171875 0.01640625 0.10625 0.0234375
0 0.1421875 0.36796875 0.08125 0.01875
0 0.07890625 0.0765625 0.1 0.034375
0 0.1125 0.3046875 0.1 0.0171875
0 0.10546875 0.259375 0.121875 0.0359375
0 0.08125 0.10546875 0.090625 0.0171875
0 0.08046875 0.0265625 0.0546875 0.03125
0 0.0890625 0.0578125 0.109375 0.021875