0 0.3625 0.8578125 0.0421875 0.14921875
0 0.5875 0.859375 0.0375 0.13203125
0 0.6296875 0.859375 0.040625 0.13359375
0 0.26484375 0.87578125 0.046875 0.178125
0 0.3078125 0.8796875 0.053125 0.17890625
0 0.75078125 0.88515625 0.0421875 0.18515625
0 0.79140625 0.88515625 0.04609375 0.17890625
0 0.8375 0.875 0.046875 0.16171875
0 0.1453125 0.87578125 0.05078125 0.1828125
0 0.18671875 0.86328125 0.0296875 0.13359375
0 0.18359375 0.80390625 0.01953125 0.05546875
0 0.13046875 0.85078125 0.02890625 0.14453125
0 0.4265625 0.83203125 0.0171875 0.06484375
0 0.29375 0.82734375 0.01875 0.06953125