0 0.3546875 0.1125 0.359375 0.084375
0 0.36640625 0.190625 0.24375 0.04375
0 0.35 0.7296875 0.334375 0.065625
0 0.3609375 0.37734375 0.275 0.06875
0 0.39609375 0.3 0.221875 0.0625
0 0.32890625 0.965625 0.3515625 0.06875
0 0.384375 0.66484375 0.2078125 0.06875
0 0.409375 0.4890625 0.1875 0.034375
0 0.4125 0.553125 0.184375 0.053125
0 0.390625 0.04921875 0.175 0.0546875
0 0.4140625 0.0203125 0.175 0.01875
0 0.39921875 0.0125 0.153125 0.0234375
0 0.4015625 0.1453125 0.15625 0.0546875
0 0.40859375 0.21953125 0.1578125 0.03125
0 0.4125 0.22734375 0.1359375 0.028125
0 0.3953125 0.2734375 0.196875 0.040625
0 0.39140625 0.42109375 0.175 0.034375
0 0.39609375 0.44609375 0.2125 0.028125
0 0.41953125 0.56171875 0.16875 0.0375
0 0.41171875 0.58671875 0.1625 0.028125
0 0.41328125 0.61796875 0.175 0.05
0 0.403125 0.6875 0.159375 0.028125
0 0.390625 0.7984375 0.26875 0.053125
0 0.39296875 0.83671875 0.2328125 0.0578125
0 0.39140625 0.9 0.209375 0.065625
0 0.40703125 0.934375 0.1671875 0.0296875
0 0.409375 0.86015625 0.14375 0.028125
0 0.3828125 0.7546875 0.2 0.03125
0 0.41015625 0.38828125 0.14375 0.034375
0 0.440625 0.03828125 0.096875 0.0203125
0 0.4 0.071875 0.15 0.028125