0 0.025 0.67421875 0.05 0.3140625
0 0.065625 0.6765625 0.05703125 0.28671875
0 0.103125 0.66328125 0.034375 0.2296875
0 0.134375 0.64921875 0.03984375 0.20625
0 0.18046875 0.63203125 0.034375 0.19296875
0 0.1984375 0.62421875 0.0265625 0.2
0 0.2140625 0.640625 0.03515625 0.22109375
0 0.2421875 0.6515625 0.0421875 0.2484375
0 0.27890625 0.665625 0.040625 0.26875
0 0.30546875 0.6796875 0.0640625 0.26796875
0 0.3296875 0.65234375 0.03046875 0.2046875
0 0.3421875 0.64921875 0.034375 0.209375
0 0.38828125 0.63359375 0.03515625 0.21640625
0 0.41484375 0.646875 0.02421875 0.2078125
0 0.4265625 0.62265625 0.01875 0.18828125
0 0.315625 0.559375 0.0203125 0.0546875
0 0.33515625 0.55625 0.0171875 0.04765625
0 0.4421875 0.61953125 0.01953125 0.17578125
0 0.4609375 0.546875 0.01875 0.04296875
0 0.4875 0.68671875 0.06171875 0.28984375
0 0.5515625 0.559375 0.02578125 0.05546875
0 0.57890625 0.6265625 0.0203125 0.17109375
0 0.59609375 0.603125 0.02890625 0.1265625
0 0.634375 0.56953125 0.02421875 0.1140625
0 0.66875 0.57890625 0.04609375 0.096875
0 0.6859375 0.68984375 0.04453125 0.30390625
0 0.6171875 0.72734375 0.05625 0.3453125
0 0.6546875 0.76953125 0.04609375 0.22421875
0 0.66875 0.7203125 0.0421875 0.2875
0 0.7484375 0.77109375 0.09765625 0.42890625
0 0.7671875 0.5390625 0.0203125 0.040625
0 0.72421875 0.6453125 0.02890625 0.22578125
0 0.790625 0.65390625 0.0359375 0.21796875
0 0.93515625 0.6609375 0.0390625 0.2375
0 0.9796875 0.6765625 0.03515625 0.20546875
0 0.9609375 0.6578125 0.021875 0.22578125