0 0.63125 0.06953125 0.7375 0.1359375
0 0.55 0.9796875 0.3640625 0.0390625
0 0.46875 0.90859375 0.1875 0.05625
0 0.59921875 0.87890625 0.2578125 0.0640625
0 0.5765625 0.79921875 0.24375 0.0296875
0 0.571875 0.7703125 0.234375 0.025
0 0.49765625 0.8359375 0.25 0.028125
0 0.48125 0.82109375 0.234375 0.0328125
0 0.52890625 0.75 0.303125 0.04375
0 0.4921875 0.69765625 0.240625 0.0671875
0 0.425 0.86875 0.090625 0.025
0 0.45234375 0.60625 0.115625 0.0171875
0 0.453125 0.58203125 0.140625 0.034375
0 0.50703125 0.54453125 0.2125 0.05
0 0.53671875 0.4859375 0.296875 0.084375
0 0.54296875 0.43203125 0.2671875 0.065625
0 0.434375 0.503125 0.05 0.0203125
0 0.68828125 0.1828125 0.6234375 0.11875