0 0.9796875 0.84375 0.03984375 0.1328125
0 0.82578125 0.8484375 0.06328125 0.12890625
0 0.7125 0.81640625 0.0453125 0.0734375
0 0.66953125 0.825 0.03984375 0.0828125
0 0.65078125 0.81953125 0.03046875 0.08671875
0 0.61328125 0.8171875 0.0453125 0.09140625
0 0.55234375 0.8 0.03046875 0.0609375
0 0.47734375 0.7953125 0.021875 0.04296875
0 0.36953125 0.79453125 0.02421875 0.01953125
0 0.3203125 0.80078125 0.02578125 0.0234375
0 0.24921875 0.80546875 0.03671875 0.03203125
0 0.22890625 0.81015625 0.0203125 0.0328125
0 0.475 0.846875 0.0328125 0.0265625