0 0.16171875 0.43984375 0.321875 0.0796875
0 0.18984375 0.27109375 0.23125 0.059375
0 0.19921875 0.31171875 0.23125 0.046875
0 0.23828125 0.35703125 0.16875 0.0359375
0 0.171875 0.59375 0.34375 0.109375
0 0.18046875 0.66171875 0.3609375 0.0765625
0 0.16953125 0.76328125 0.3390625 0.084375
0 0.24375 0.5296875 0.1875 0.040625
0 0.234375 0.4875 0.2046875 0.0390625
0 0.17890625 0.91875 0.3578125 0.1359375
0 0.2328125 0.81875 0.2125 0.040625
0 0.30234375 0.87578125 0.0875 0.0484375
0 0.24140625 0.70703125 0.196875 0.0359375
0 0.23125 0.4046875 0.203125 0.0375