0 0.5578125 0.68515625 0.46875 0.290625
0 0.51875 0.32578125 0.515625 0.1734375
0 0.5140625 0.10703125 0.2625 0.096875
0 0.56796875 0.24921875 0.24375 0.090625
0 0.5671875 0.190625 0.153125 0.06875
0 0.51015625 0.53984375 0.29375 0.0625
0 0.51875 0.61015625 0.1875 0.084375
0 0.49140625 0.78828125 0.15 0.046875
0 0.478125 0.884375 0.1640625 0.05
0 0.484375 0.47734375 0.121875 0.0375
0 0.4859375 0.41953125 0.0890625 0.021875
0 0.48203125 0.753125 0.084375 0.034375
0 0.46171875 0.82421875 0.0625 0.0109375
0 0.4625 0.83515625 0.0609375 0.009375
0 0.46015625 0.84453125 0.059375 0.015625
0 0.47265625 0.721875 0.0953125 0.01875