0 0.92734375 0.6921875 0.1125 0.015625
0 0.91640625 0.70390625 0.103125 0.0140625
0 0.92890625 0.7171875 0.115625 0.015625
0 0.90625 0.6046875 0.09375 0.015625
0 0.89921875 0.63203125 0.103125 0.0203125
0 0.828125 0.609375 0.121875 0.0171875
0 0.82578125 0.6234375 0.13125 0.015625
0 0.93125 0.6671875 0.0875 0.0234375
0 0.84765625 0.66953125 0.13125 0.0203125
0 0.8296875 0.6796875 0.0671875 0.0234375
0 0.765625 0.68359375 0.10625 0.03125
0 0.78125 0.778125 0.096875 0.028125
0 0.63203125 0.67890625 0.0859375 0.025
0 0.6515625 0.59609375 0.084375 0.01875
0 0.64609375 0.6171875 0.0859375 0.01875
0 0.5625 0.34375 0.184375 0.028125
0 0.42109375 0.2359375 0.13125 0.0484375
0 0.30625 0.24375 0.2125 0.0328125
0 0.3046875 0.27734375 0.2125 0.03125
0 0.2234375 0.3046875 0.2375 0.0375
0 0.27890625 0.37890625 0.1296875 0.040625
0 0.2984375 0.4390625 0.1296875 0.0390625
0 0.21640625 0.54453125 0.1875 0.05
0 0.7859375 0.50078125 0.134375 0.0171875