0 0.6921875 0.07265625 0.015625 0.1125
0 0.70390625 0.08359375 0.0140625 0.103125
0 0.7171875 0.07109375 0.015625 0.115625
0 0.6046875 0.09375 0.015625 0.09375
0 0.63203125 0.10078125 0.0203125 0.103125
0 0.609375 0.171875 0.0171875 0.121875
0 0.6234375 0.17421875 0.015625 0.13125
0 0.6671875 0.06875 0.0234375 0.0875
0 0.66953125 0.15234375 0.01875 0.13125
0 0.6796875 0.1703125 0.0234375 0.0671875
0 0.68359375 0.234375 0.03125 0.10625
0 0.778125 0.21875 0.028125 0.096875
0 0.67890625 0.36796875 0.025 0.0859375
0 0.59609375 0.3484375 0.01875 0.084375
0 0.6171875 0.35390625 0.01875 0.0859375
0 0.34375 0.4375 0.028125 0.184375
0 0.2359375 0.57890625 0.0484375 0.13125
0 0.24375 0.69375 0.0328125 0.2125
0 0.27734375 0.6953125 0.03125 0.2125
0 0.3046875 0.7765625 0.0375 0.2375
0 0.37890625 0.72109375 0.040625 0.1296875
0 0.4390625 0.7015625 0.0390625 0.1296875
0 0.54453125 0.78359375 0.05 0.1875
0 0.50078125 0.2140625 0.0171875 0.134375