0 0.928125 0.95546875 0.115625 0.078125
0 0.3140625 0.559375 0.096875 0.034375
0 0.28359375 0.7125 0.125 0.0265625
0 0.303125 0.6953125 0.1375 0.0296875
0 0.2890625 0.67734375 0.1359375 0.0296875
0 0.32578125 0.653125 0.071875 0.021875
0 0.303125 0.6203125 0.0703125 0.021875
0 0.140625 0.68359375 0.1078125 0.0328125
0 0.14453125 0.6671875 0.103125 0.0171875
0 0.1171875 0.65546875 0.109375 0.0203125
0 0.11640625 0.63828125 0.109375 0.01875
0 0.0859375 0.60859375 0.1140625 0.01875
0 0.0515625 0.55234375 0.053125 0.0109375
0 0.05 0.54140625 0.05 0.0125
0 0.04453125 0.50390625 0.053125 0.015625