0 0.04453125 0.928125 0.07734375 0.115625
0 0.440625 0.3140625 0.034375 0.09609375
0 0.2875 0.28359375 0.0265625 0.125
0 0.3046875 0.303125 0.0296875 0.13828125
0 0.32265625 0.2890625 0.0296875 0.1359375
0 0.346875 0.32578125 0.02265625 0.071875
0 0.3796875 0.303125 0.02265625 0.0703125
0 0.31640625 0.140625 0.03203125 0.1078125
0 0.3328125 0.14453125 0.0171875 0.103125
0 0.34453125 0.1171875 0.01953125 0.11015625
0 0.36171875 0.11640625 0.01875 0.10859375
0 0.39140625 0.0859375 0.01875 0.1140625
0 0.44765625 0.0515625 0.0109375 0.05234375
0 0.45859375 0.05 0.01328125 0.04921875
0 0.49609375 0.04453125 0.01484375 0.05234375